28,26
28,25
28,24
28,23
28,22
28,21
28,20
28,19
28,18
28,17
28,16
28,15
28,14
28,13
28,12
28,11
28,10
28,9
28,8
28,7
28,6
28,5
28,4
28,3
28,2
28,1
28,0
27,3
27,2
27,1
27,0
26,38
26,37
26,36
26,35
26,34
26,33
26,32
26,31
26,30
26,29
26,28
26,27
26,26
26,25
26,24
26,23
26,22
26,21
26,20
26,19
26,18
26,17
26,16
26,15
26,14
26,13
26,12
26,11
26,10
26,9
26,8
26,7
26,6
26,5
26,4
26,3
26,2
26,1
26,0
25,32
25,31
25,30
25,29
25,28
25,27
25,26
25,25
25,24
25,23
25,22
25,21
25,20
25,19
25,18
25,17
25,16
25,15
25,14
25,13
25,12
25,11
25,10
25,9
25,8
25,7
25,6
25,5
25,4
25,3
25,2
25,1
25,0
24,9
24,8
24,7
24,6
24,5
24,4
24,3
24,2
24,1
24,0
23,3
23,2
23,1
23,0
22,3
22,2
22,1
22,0
21,3
21,2
21,1
21,0
20,3
20,2
20,1
20,0
19,3
19,2
19,1
19,0
18,5
18,4
18,3
18,2
18,1
18,0
17,5
17,4
17,3
17,2
17,1
17,0
16,3
16,2
16,1
16,0
15,7
15,6
15,5
15,4
15,3
15,2
15,1
15,0
14,4
14,3
14,2
14,1
14,0
13,6
13,5
13,4
13,3
13,2
13,1
13,0
12,3
12,2
12,1
12,0
11,5
11,4
11,3
11,2
11,1
11,0
10,4
10,3
10,2
10,1
10,0
9,3
9,2
9,1
9,0
8,5
8,4
8,3
8,2
8,1
8,0
7,3
7,2
7,1
7,0
6,5
6,4
6,3
6,2
6,1
6,0
5,4
5,3
5,2
5,1
5,0
2,7
2,5
2,4
2,6
2,2
2,8
2,1
2,3
2,0
1,3
4,3
0,415
0,414
0,9
28,27
28,28
28,30
28,31
28,33
28,34
28,36
28,38
28,39
28,41
28,42
28,44
28,46
28,47
28,49
28,50
28,52
28,53
28,55
28,57
28,58
28,60
28,61
28,63
28,65
28,66
28,126
28,127
29,1
29,2
30,0
30,2
30,3
31,1
31,2
32,0
32,2
32,3
33,1
33,2
34,0
34,1
34,3
35,1
35,2
36,0
36,1
36,3
36,5
37,0
37,2
37,3
37,5
37,7
37,8
38,0
38,1
38,3
39,0
39,2
39,4
39,5
39,7
39,8
40,1
40,3
40,4
41,1
41,2
41,4
42,0
42,2
42,4
42,5
43,1
43,2
44,0
44,2
44,3
45,1
45,2
45,4
46,0
46,2
46,4
46,5
46,7
46,8
46,10
46,12
46,13
46,15
46,16
47,1
47,3
48,0
48,2
48,3
49,1
49,2
49,4
50,0
50,1
50,3
51,0
51,2
52,0
52,1
52,3
52,4
53,0
53,1
53,3
54,1
54,2
54,4
54,5
55,1
55,3
55,4
55,6
55,7
56,1
56,2
56,4
56,6
57,0
57,2
57,3
58,1
58,3
59,0
59,2
59,3
59,5
59,6
60,0
60,2
60,3
60,5
60,6
60,8
61,0
61,1
61,3
61,4
62,1
62,3
62,4
62,6
62,7
62,9
62,10
63,0
63,2
63,3
64,1
64,2
64,4
64,6
64,7
65,0
65,1
65,3
66,0
66,2
67,0
67,1
67,3
67,4
68,1
68,3
68,2
68,0
67,2
66,3
66,1
65,2
64,8
64,5
64,3
64,0
63,1
62,11
62,8
62,5
62,2
62,0
61,2
60,9
60,7
60,4
60,1
59,7
59,4
59,1
58,2
58,0
57,1
56,5
56,3
56,0
55,5
55,2
55,0
54,3
54,0
53,2
52,5
52,2
51,3
51,1
50,2
49,5
49,3
49,0
48,1
47,2
47,0
46,14
46,11
46,9
46,6
46,3
46,1
45,3
45,0
44,1
43,3
43,0
42,3
42,1
41,3
41,0
40,2
40,0
39,6
39,3
39,1
38,2
37,9
37,6
37,4
37,1
36,4
36,2
35,3
35,0
34,2
33,3
33,0
32,1
31,3
31,0
30,1
29,3
29,0
28,67
28,64
28,62
28,59
28,56
28,54
28,51
28,48
28,45
28,43
28,40
28,37
28,35
28,32
28,29
0,243
0,1
0,300
0,299
0,298
0,297
0,296
0,295
0,294
0,293
0,292
0,291
0,290
0,289
0,288
0,287
0,286
0,285
0,284
0,283
0,282
0,281
0,280
0,279
0,278
0,277
0,276
0,275
0,274
0,273
0,272
0,271
0,270
0,269
0,268
0,267
0,266
0,265
0,264
0,263
0,262
0,261
0,260
0,259
0,258
0,257
0,256
0,255
0,254
0,253
0,252
0,251
0,250
0,249
0,248
0,247
0,246
0,245
0,244
0,242
0,241
0,240
0,239
0,238
0,237
0,236
0,235
0,234
0,233
0,232
0,231
0,230
0,229
0,228
0,227
0,226
0,225
0,224
0,223
0,222
0,221
0,220
0,219
0,218
0,217
0,216
0,215
0,214
0,213
0,212
0,211
0,210
0,209
0,208
0,207
0,206
0,205
0,204
0,203
0,202
0,201
0,200
0,199
0,198
0,197
0,196
0,195
0,194
0,193
0,192
0,63
0,62
0,61
0,60
0,59
0,58
0,57
0,56
0,55
0,54
0,53
0,52
0,51
0,50
0,49
0,48
0,47
0,46
0,45
0,6
0,0
0,5
0,304
0,303
0,306
0,305
0,302
0,12
0,413
0,10
0,8
0,11
0,2
0,4
0,3
0,7
